Now timing on test_images/dapper_lad.jpg with radius 50.000000 and threshold 5.000000
naive CPU            : 76290, 74422, 74151, 74222, 74579, 74386, 74442, 74113, 74064, 74174, 
CPU with trajectories: 122237, 119224, 119416, 119779, 119110, 119431, 120015, 119189, 119865, 119923, 
cylinder test, OMP   : 6759, 6737, 7089, 6748, 6736, 6746, 6737, 6792, 6772, 6768, 
first kernel         : 988, 705, 706, 704, 704, 706, 705, 705, 705, 704, 
with early stop      : 126, 126, 126, 126, 126, 126, 127, 126, 125, 127, 
points in regs       : 98, 99, 98, 101, 98, 98, 99, 101, 98, 98, 
Shmem, pad=48        : 99, 98, 98, 102, 99, 99, 101, 98, 99, 99, 
Shmem, pad=32        : 94, 95, 93, 94, 94, 95, 94, 95, 95, 96, 
Shmem, pad=16        : 99, 99, 100, 100, 99, 101, 98, 100, 99, 100, 
Shmem, pad=8         : 102, 101, 102, 101, 102, 104, 101, 100, 100, 102, 
no deltas            : 95, 93, 94, 96, 96, 93, 94, 93, 94, 94, 
no deltas, no atomics: 94, 94, 94, 94, 94, 94, 95, 95, 94, 94, 
kernel loop, no shmem: 111, 111, 110, 110, 110, 111, 110, 110, 110, 112, 
kernel loop, shmem=48: 111, 111, 110, 110, 110, 111, 110, 111, 110, 110, 
kernel loop, shmem=32: 103, 104, 102, 105, 104, 105, 104, 104, 104, 104, 
kernel loop, shmem=16: 109, 109, 109, 110, 109, 110, 109, 108, 109, 110, 
kernel loop, shmem=8 : 111, 111, 110, 109, 109, 111, 109, 109, 109, 110, 
Now timing on test_images/campus.jpg with radius 40.000000 and threshold 5.000000
naive CPU            : 315618, 316666, 316740, 318223, 317009, 321203, 318570, 322695, 320418, 319310, 
CPU with trajectories: 642716, 640832, 644169, 641794, 646305, 646491, 642439, 644226, 643276, 645052, 
cylinder test, OMP   : 22419, 22371, 22358, 22350, 22384, 22315, 22382, 22527, 22448, 22423, 
first kernel         : 5510, 5231, 5248, 5268, 5271, 5272, 5269, 5263, 5274, 5265, 
with early stop      : 3915, 4179, 4203, 4050, 4192, 4070, 4176, 4093, 4176, 4209, 
points in regs       : 3988, 4003, 4027, 4051, 3997, 4046, 4007, 4040, 4006, 4026, 
Shmem, pad=48        : 4028, 4016, 4021, 4029, 4037, 4018, 4020, 4032, 4013, 4040, 
Shmem, pad=32        : 4014, 4024, 4049, 4013, 4149, 4078, 4033, 4016, 4024, 4010, 
Shmem, pad=16        : 4043, 4010, 4031, 4036, 4025, 4015, 4023, 4021, 3997, 4051, 
Shmem, pad=8         : 4173, 4066, 4022, 4031, 4030, 4020, 4204, 4083, 4020, 4043, 
no deltas            : 4077, 4069, 4009, 4037, 4011, 4014, 4024, 4020, 4033, 4025, 
no deltas, no atomics: 4032, 4001, 4024, 4020, 4047, 4000, 4027, 4009, 4024, 4046, 
kernel loop, no shmem: 2159, 1973, 1917, 1924, 1926, 1910, 1918, 1923, 1924, 1911, 
kernel loop, shmem=48: 1917, 1917, 1920, 1925, 1931, 1928, 1924, 1919, 1921, 1922, 
kernel loop, shmem=32: 1842, 1832, 1832, 1844, 1831, 1829, 1825, 1834, 1828, 1832, 
kernel loop, shmem=16: 1966, 1934, 1936, 1928, 1929, 1945, 1932, 1923, 1935, 1937, 
kernel loop, shmem=8 : 1867, 1872, 1876, 1864, 1867, 1865, 1877, 1872, 1864, 1859, 
Now timing on test_images/fruit_1000x562.jpg with radius 65.000000 and threshold 3.000000
first kernel         : 44437, 44745, 44983, 44969, 45011, 45012, 45192, 45310, 45308, 45347, 
with early stop      : 10001, 10209, 10267, 10255, 10251, 10248, 10292, 10260, 10271, 10290, 
points in regs       : 9058, 9055, 9070, 9053, 8889, 9052, 9036, 8896, 9026, 8904, 
Shmem, pad=48        : 9074, 9108, 9093, 9041, 9027, 9116, 9032, 9172, 8997, 9056, 
Shmem, pad=32        : 9032, 9084, 9075, 9028, 9051, 9075, 9063, 9042, 8900, 9090, 
Shmem, pad=16        : 9215, 9063, 9078, 9252, 9094, 9258, 9083, 9210, 9148, 9241, 
Shmem, pad=8         : 9291, 9283, 9249, 9254, 9282, 9277, 9245, 9281, 9283, 9283, 
no deltas            : 8428, 8448, 8316, 8418, 8450, 8289, 8444, 8448, 8308, 8440, 
no deltas, no atomics: 8436, 8337, 8411, 8451, 8431, 8449, 8305, 8425, 8446, 8461, 
kernel loop, no shmem: 6290, 6257, 6204, 6250, 6260, 6207, 6231, 6329, 6156, 6276, 
kernel loop, shmem=48: 6199, 6225, 6229, 6355, 6141, 6295, 6172, 6238, 6223, 6234, 
kernel loop, shmem=32: 5998, 6019, 6009, 6076, 6037, 6042, 6038, 6009, 6029, 6047, 
kernel loop, shmem=16: 6437, 6442, 6435, 6445, 6421, 6486, 6403, 6440, 6448, 6428, 
kernel loop, shmem=8 : 6363, 6248, 6241, 6233, 6235, 6218, 6259, 6425, 6285, 6359, 
Now timing on test_images/eas_1500x1000.jpg with radius 60.000000 and threshold 10.000000
first kernel         : 80536, 80975, 81182, 81293, 81286, 81296, 81324, 81323, 81319, 81314, 
with early stop      : 81236, 81271, 81257, 81389, 81076, 81118, 83047, 81078, 81258, 81214, 
points in regs       : 80294, 80266, 80310, 80452, 80202, 80116, 80309, 80262, 80440, 80218, 
Shmem, pad=48        : 80150, 80269, 80255, 80206, 80174, 80262, 80265, 80202, 80256, 80371, 
Shmem, pad=32        : 80169, 80443, 80430, 80216, 80409, 80295, 80641, 80429, 80305, 80420, 
Shmem, pad=16        : 80488, 80433, 80423, 80513, 80423, 80446, 80356, 80677, 80353, 80288, 
Shmem, pad=8         : 80404, 82388, 80398, 80478, 80531, 80438, 80448, 80561, 80886, 80427, 
no deltas            : 80337, 80442, 80302, 80344, 80454, 80442, 80287, 80224, 80291, 80509, 
no deltas, no atomics: 80286, 80362, 80371, 80279, 80198, 80393, 80720, 80410, 80385, 80335, 
kernel loop, no shmem: 23082, 23236, 23135, 23506, 23261, 23163, 23231, 23184, 23154, 23199, 
kernel loop, shmem=48: 24225, 25398, 23533, 23272, 23191, 23170, 23208, 23249, 23289, 23226, 
kernel loop, shmem=32: 22273, 22351, 22366, 22415, 22454, 22357, 22466, 22296, 22365, 22349, 
kernel loop, shmem=16: 23783, 23806, 23815, 23811, 23740, 23803, 23773, 23748, 23899, 23714, 
kernel loop, shmem=8 : 23067, 23082, 23278, 23071, 23117, 23046, 23131, 22980, 23008, 23022, 
